Covid Cases
2966.54  
7657.54  
2653.39 
12282.16  
8855.86  
5979.53 
13919.7   
3526.7
6676.29  
7397.08  
7382.96 
14297.91  
6376.73  
5924.25 
12444.69  
5088.94
7111.56  
5261.14  
7056.88  
5115.57  
5481.56  
6134.15  
3736.22 
12289.81
6944.71  
7623.74 
12109.33 
10306.07  
2375.16  
6023.24  
4530.54  
6840.14
6826.18 
14141.65 
13931.29  
4699.91  
8458.12  
7989.41  
6686.08  
8736.43
 12063.27 
14483.32  
4884.55  
4433.32  
5284.58  
5211.35  
6225.33  
7322.31
  5275.85 
12499.57  
4397.15  
6183.41  
8033.41  
4285.2   
4763.05  
6909.29
 10342.33  
7671.05  
2268.07 
12842.63  
7197.23 
14443.94  
5927.9   
6441.91
  7290.83  
8414.96  
6351.55 
13816.84  
9078.82  
4031.42  
5468.07 
10376.71
 11549.73  
4665.14  
7556.43  
2080.68  
7250.3  
14309.01  
6022.79  
4775.27
 13127.72  
7031.66 
 5465.7   
7517.11 
12167.72  
5344.7   
6038.32  
5376.47
  9227.68 
 4470.    
6314.27  
8611.53  
6756.49  
4909.77  
9438.45 
12621.04
  5956.59 
12341.97  
8315.52  
5601.66  
5434.87 
13838.62 
14151.64  
9698.02
  4997.52 
12770.89 
 6114.31 
 5605.39  
5487.97  
5969.48 
13085.08  
6507.47
  6973.82 
11991.97  
2779.65 
12318.36  
4814.68  
6742.71  
6509.37  
6659.62
  5234.51  
7590.7   
4982.43  
7207.18 
 6563.64  
8428.13 
12256.64
 12149.79
 12105.63 
13980.1   
4298.93  
8619.29  
8487.53 
 7818.12 
 7540.3   
6130.87
  2601.71  
5022.3   
7129.15  
5244.89 
 6070.27 
15331.05  
5572.39  
6631.51
  8282.26  
5709.55  
6340.19 
11935.59 
12091.07  
7303.85  
9805.57  
5588.25
 14866.5 
  8802.29 
12030.03 
14050.03 
 6739.74 
 9874.76 
 7276.09  
5054.83
  6856.05 
 5063.15  
7223.74  
7921.88  
6603.61  
7814.22  
6725.64  
6895.11
 11207.73 
11461.87  
6811.04 
 9244.91 
 6135.18 
12469.29 
13175.45  
6550.59
  4592.68 
 6755.9  
4748.03 
 7641.45  
6375.92  
4999.98 
 7029.3 
 14895.55
  3467.73  
6380.71  
4285.98  
4966.4  
 6620.81 
 5389.74 
 5889.44 
 5044.62
  7006.53  
9946.71  
5690.4  
13602.97  
7072.34 
12807.84  
8087.17  
5443.9
  5103.21  
9147.66  
7939.03  
6772.18  
7397.62 
 8180.03  
7922.89 
13100.51
  5683.13 
12957.48  
3778.79  
4585.55 
13138.41 
13454.4   
9828.58  
9019.06
 12829.38 
14339.09  
7117.07 
 7290.    
7476.17 
12914.18 
13089.46  
7179.47
  4819.63  
5038.65 
12858.6   
9084.05  
5172.79 
13723.27 
12186.06  
4551.59
 14565.14 
14613.12  
7717.82  
5165.14  
6399.2  
13591.21  
7652.36  
6872.05
 12452.27  
7700.51  
4377.76 
11818.01  
5311.79 
13649.41 
14108.09  
6582.17
  3691.41  
9356.48  
6167.93  
5542.23  
5753.15 
12218.86 
12771.08  
5544.46
  9547.22  
3854.65  
7274.62  
6862.04  
7607.52  
4613.23 
 9615.53  
6145.68
  4217.09  
8749.45 
 6789.16  
9140.73  
8593.13  
8569.64 
 6429.72 
12345.08
  5230.3  
13964.21  
7269.8  
 4808.47 
13660.6  
15107.58  
6491.36  
8570.72
  8889.66  
6583.13  
2389.77 
 4890.46  
5528.19  
6944.58  
6198.99  
5741.01
  5650.84 
15056.33  
5350.39
 6009.39 
14155.14 
12423.47 
10003.37  
9482.58
  8505.34  
5704.03  
8495.72 
 8487.3  
 6306.63  
2842.45 
15093.36  
9973.31
 12148.24  
6456.   
14087.19  
5788.67  
5523.5   
5258.81 
 9375.66  
7442.66
 12460.5   
5646.17  
5235.03 
 5912.09  
6254.02  
5487.04  
5311.9   
8273.09
  6670.43 
13038.56 
12316.46  
5847.91  
6737.73 
13997.94 
14078.46 
11657.27
 10644.41 
10565.33  
7150.63  
5140.42  
6375.88  
6008.98  
9510.6   
8261.96
  8192.44 
8471.34  
7863.75  
5122.04  
9459.98  
4559.38 
14416.34  
6548.22
  4683.52  
6541.95  
6853.26  
4248.54 
 4569.67  
7898.06  
9472.02  
3945.25
  6655.59  
6020.3   
8602.89 
14149.63  
6177.   
12610.37  
4173.64  
4512.06
  5807.66 
8121.45 
12806.23  
3413.93 
 8408.79  
8899.14  
4826.42 
14938.4
  5678.01  
7214.88 
12975.17  
9712.3   
4895.99 
12238.3   
6646.06  
5389.73
  6479.6   
5192.58  
9116.27  
9712.28  
6826.51 
14343.6  
10423.58  
7343.49
 11043.43 
14225.44  
7359.85 
13063.85 
13836.83  
6680.3  
10260.17  
5675.14
  7269.73  
5931.1  
13941.72 
13575.59 
 7314.68  
8822.96  
5083.47  
7146.94
  8153.89  
6779.16 
13750.43  
7030.65  
9374.51 
11408.58 
13781.46  
5279.4
  6416.47 
 8208.07 
14778.04  
9490.98 
12641.49  
6942.45 
13528.72 
 5042.01
  9259.06  
5150.06  
6839.26 
 7887.14 
14840.49  
2751.92  
9980.65 
13771.53
  5084.03  
8588.51 
 3686.44  
7746.35  
5532.1   
3305.76 
 5088.9   
9472.47
  6651.98 
 5193.8   
4753.86  
2540.78 
 2280.56  
4011.38  
6110.27  
4935.2
  7220.67  
4997.41 
12394.4   
7886.73  
6200.15 
10367.12  
1806.13  
8095.94
  7529.58  
4427.31  
8692.41  
7745.62 
14505.56 
 9175.45  
4920.61  
5112.02
  4912.82  
4433.37  
7742.79  
7040.29  
8314.36  
2622.88  
5133.86  
3047.98
  7354.18  
5181.75  
4906.28  
5025.29  
3083.49 
 5122.59  
5987.83  
8080.04
  8505.71  
8134.97  
8279.14  
7999.36  
7970.19  
8362.39  
8416.46 
10140.58
  8741.7   
5273.44  
4903.78  
6099.86 
12438.2   
9320.9   
5392.67  
3075.47
  4028.31  
5347.31  
5428.65  
8796.04  
5226.65  
5301.2  
 5315.09  
5123.53
  4251.3   
5003.86  
4853.52 
 5087.2  
11470.58